1 107 3172 192 930 70 323 2414 131
2 110 2914 219 784 68 418 2483 74
3 99 3131 221 1087 57 431 2501 227
4 109 2753 239 1128 87 244 2587 229
5 105 2645 241 985 107 295 2615 35
6 89 2839 271 878 63 426 2673 152
7 110 2406 210 1112 85 292 2715 141
8 112 2707 218 1057 113 375 2728 215
9 78 2073 188 596 108 449 2703 147
10 87 2678 290 824 100 295 2716 41
11 97 3416 150 842 59 251 2801 180
12 101 2216 225 701 84 443 2905 93
13 77 3419 249 1054 83 380 3089 300
14 70 3650 174 946 72 447 3128 109
15 78 3681 191 744 105 472 2932 109
16 110 3101 247 854 87 350 2895 120
17 75 2574 253 958 112 304 2862 87
18 75 3253 289 905 70 301 3101 244
19 106 3010 266 784 73 367 2973 189
20 90 2335 165 1067 107 310 2915 256
21 81 3062 255 844 108 402 2845 210
22 86 2440 243 838 62 302 2802 122
23 63 3148 151 879 87 400 2723 167
24 112 2044 180 698 62 338 2671 244
25 113 3407 198 723 78 315 2548 199
26 72 2827 179 694 64 276 2497 220
27 89 3547 186 1055 86 332 2408 62
28 81 2883 276 931 67 454 2316 37
29 92 1994 279 987 60 416 2203 78
30 114 2285 198 1101 114 274 2003 166
31 105 2476 262 825 58 381 1706 81
32 65 1974 275 1106 113 276 1508 40
33 72 2277 264 837 103 289 1483 69
34 98 2152 200 790 85 406 1471 73
35 104 2407 237 857 103 294 1424 108
36 101 3671 254 952 96 365 1401 63
37 77 2761 226 1073 59 474 1376 102
38 94 2182 155 1089 92 427 1325 16
39 70 2943 177 940 78 442 1305 121
40 94 2637 161 719 71 387 1281 45
41 90 2666 274 998 60 290 1253 79
42 78 3133 214 817 60 412 121 5
43 113 3545 291 1096 75 460 1142 35
44 63 3720 152 893 95 291 1006 98
45 116 2506 263 1106 75 363 981 28
46 95 2690 167 726 105 301 965 78
47 99 3574 168 584 67 325 958 27
48 100 3294 242 607 64 453 934 24
49 87 3325 211 611 71 455 902 33
50 92 2242 196 953 108 422 869 45
51 80 2139 257 1112 99 462 874 74
52 74 3408 152 1102 67 344 858 44
53 81 3237 224 880 102 285 852 28
54 91 2006 241 889 88 339 841 30
55 74 3635 173 1018 71 309 834 79
56 102 3216 218 704 78 348 821 54
57 74 3325 217 1102 100 280 814 11
58 91 3275 217 1114 94 415 801 21
59 104 2489 263 682 101 337 767 56
60 87 2233 159 631 74 423 735 49
61 86 1952 285 718 70 449 702 46
62 71 2244 172 964 89 316 698 63
63 85 3666 154 1121 109 411 685 23
64 81 3387 279 1099 85 309 689 41
65 82 3597 260 956 68 260 668 44
66 82 2078 229 616 63 308 645 28
67 114 3716 193 1067 60 398 610 6
68 68 3689 164 1040 92 465 621 16
69 103 3076 242 1014 98 308 649 9
70 100 2622 165 762 93 285 658 46
71 60 2237 155 1012 112 463 660 48
72 63 2940 169 1146 75 276 633 57
73 91 3486 252 1117 57 272 623 14
74 114 1974 295 847 73 371 601 16
75 66 3444 153 998 63 278 635 7
76 76 2182 295 617 68 321 638 43
77 95 3247 217 1092 90 429 640 8
78 71 2172 154 1064 109 471 649 63
79 76 3743 174 721 92 473 658 15
80 94 3467 229 601 98 436 660 12
81 66 3195 186 1085 78 428 666 50
82 97 3661 168 1147 92 363 671 11
83 100 2190 248 885 82 415 667 13
84 72 2966 218 592 89 455 660 27
85 105 2936 300 762 81 264 664 18
86 85 3445 218 915 86 386 659 7
87 88 2262 172 911 62 378 632 56
88 109 3586 228 597 60 390 623 33
89 98 2445 175 809 72 364 618 15
90 105 3775 188 1069 109 334 620 56
91 108 3055 197 1085 112 269 627 49
92 79 3737 242 1008 86 469 632 45
93 113 2301 161 604 84 464 630 11
94 74 2351 189 1031 79 255 636 39
95 113 2005 179 933 93 252 641 17
96 61 2238 171 735 86 292 658 26
97 66 3305 265 985 94 347 664 6
98 71 2927 267 1000 91 445 670 47
99 82 2245 166 879 106 259 675 45
100 77 3714 182 613 84 340 681 22
101 64 3375 177 896 62 469 671 48
102 65 2710 218 1106 78 365 684 30
103 62 2317 282 636 111 447 723 14
104 70 3172 209 759 69 376 734 14
105 105 3002 261 984 87 340 743 17
106 98 1915 184 746 58 460 752 8
107 77 2526 281 702 89 285 761 72
108 66 2027 188 966 85 460 749 33
109 84 3394 294 961 115 250 803 39
110 67 3531 291 1085 62 444 902 29
111 110 2971 180 903 73 258 921 87
112 63 2844 205 1119 113 466 958 39
113 82 2640 253 602 78 272 971 78
114 90 2570 178 951 58 320 983 75
115 110 3149 295 687 62 381 1003 58
116 105 3775 224 642 57 338 1017 51
117 107 2090 253 690 74 267 1103 81
118 92 2865 153 805 75 309 1291 83
119 69 2115 241 970 57 330 137 9
120 116 2743 269 922 81 390 1458 85
121 65 1976 193 845 84 440 1477 115
122 112 2312 240 785 104 386 1508 130
123 103 3529 263 1093 82 302 1515 37
124 98 2938 268 714 63 476 1713 79
125 84 3709 260 1106 82 313 1908 166
126 96 3614 224 614 76 308 2219 101
127 83 3266 232 1126 60 253 2612 72
128 65 3326 189 779 63 282 2783 218
129 84 2077 250 900 112 448 2816 154
130 111 3673 273 1052 95 318 2806 37
131 106 2553 152 673 98 452 3002 54
132 109 3634 187 718 61 387 3199 171
133 88 3246 210 636 92 390 3218 121
134 110 3519 279 1033 98 416 3192 73
135 78 3650 158 900 84 382 3309 288
136 73 3484 276 610 70 445 3412 202
137 88 3414 263 1033 79 446 3546 59
138 64 3021 203 952 106 281 4002 282
139 105 3212 289 881 74 476 4103 55
140 111 3658 153 1021 104 349 4209 335
141 70 3737 174 1095 79 267 4893 475
142 110 3242 155 1150 107 441 5105 60
143 111 3208 241 729 95 421 5064 499
144 115 3491 219 678 99 318 5103 299
145 117 3197 236 863 105 260 5203 216
146 86 3519 283 1007 101 301 5607 104
147 63 3468 206 1106 57 262 5918 211
148 96 3117 227 755 113 398 6213 174
149 66 3762 151 860 102 273 6593 649
150 60 3319 202 924 57 373 642 47
151 97 3240 210 1078 68 462 6093 287
152 110 3355 280 820 101 420 6128 473
153 102 3262 231 601 70 367 6903 299
154 103 3093 173 947 80 363 6511 391
155 69 3503 232 810 96 334 669 50
156 93 3068 202 598 104 303 6101 238
157 75 3090 213 712 113 255 6514 503
158 83 3312 197 928 102 300 6439 223
159 105 3034 172 821 60 286 6714 393
160 89 3680 255 630 114 473 6592 283
161 86 3345 280 603 99 473 6876 393
162 81 3510 171 1008 103 328 6814 147
163 73 3186 238 599 92 250 7381 523
164 109 3635 179 848 103 282 6713 510
165 65 3644 182 843 107 317 6017 231
166 83 3146 245 1031 92 338 5532 303
167 78 3699 176 915 86 344 5103 143
168 113 3548 193 1104 111 385 4542 144
169 66 3331 219 793 114 363 4215 180
170 82 3216 257 941 99 406 3819 323
171 69 3261 258 782 86 477 3316 191
172 62 3659 159 1006 94 451 3223 132
173 99 3283 278 744 83 326 3116 118
174 88 3481 280 1137 108 394 3045 301
175 72 3408 192 650 80 316 2841 209
176 94 2223 271 1001 103 438 2693 156
177 97 3044 296 643 60 427 2529 214
178 66 2500 296 1125 65 367 2576 50
179 91 2331 202 1058 63 319 2516 177
180 100 2199 186 691 112 458 2483 216
181 79 2930 273 890 78 340 2436 95
182 111 3705 264 901 92 279 2311 163
183 97 2922 182 861 91 445 2391 117
184 74 2071 195 1005 108 287 2343 161
185 83 2981 248 678 109 378 2302 225
186 87 3789 245 680 74 331 2106 89
187 102 2996 246 776 82 289 2213 213
188 108 3753 238 695 98 432 2322 206
189 117 2955 256 897 86 435 2319 127
190 108 2651 187 823 77 384 2305 158
191 81 3066 282 640 88 240 2209 162
192 88 3263 254 698 70 311 2198 46
193 105 2191 242 851 96 271 2017 85
194 60 1970 167 986 107 321 2091 46
195 61 2878 159 836 99 283 2165 187
196 117 2547 167 846 109 307 2102 40
197 68 2028 189 723 60 326 2013 156
198 76 3501 294 950 105 452 1894 19
199 86 2082 237 600 59 475 2026 96
200 107 2840 180 979 106 334 1815 135
201 94 2533 162 823 86 285 1723 98
202 104 3770 162 804 100 246 1812 21
203 65 2866 296 991 77 432 1693 82
204 100 2841 174 1062 82 452 1671 40
205 92 1958 188 829 71 354 1632 27
206 72 2993 282 673 109 270 1614 50
207 64 2368 294 808 112 442 1502 109
208 72 2993 214 1145 110 308 1649 66
209 66 2727 228 1098 62 315 1629 109
210 103 2267 165 1126 98 380 1615 50
211 68 3062 156 930 65 415 1581 88
212 96 2384 171 866 88 434 1511 131
213 87 2099 274 846 93 468 1603 24
214 114 3738 281 683 92 330 1429 38
215 98 3539 175 810 82 418 1502 50
216 71 2133 286 875 75 466 1442 87
217 64 3283 274 698 112 384 1407 69
218 86 3152 271 727 57 253 1391 25
219 115 2271 195 882 107 363 1427 138
220 96 3669 182 642 90 459 1412 45
221 60 2320 285 1054 80 253 1467 76
222 107 3626 223 1127 73 282 1511 55
223 77 2851 190 1024 76 366 1665 159
224 116 2377 239 1042 91 386 1721 49
225 97 2741 250 946 60 273 1767 161
226 78 3726 281 755 67 465 1692 77
227 83 2042 280 904 90 460 1743 44
228 108 2951 253 615 107 479 1519 145
229 71 3031 218 664 72 394 1538 89
230 96 3493 287 648 88 290 1771 83
231 93 2601 168 744 98 404 1648 153
232 81 3335 251 933 65 272 1771 119
233 82 3550 176 1008 57 458 1742 26
234 72 3220 185 780 102 330 1716 158
235 75 2687 228 771 108 309 1527 19
236 70 3800 207 1061 77 475 1509 48
237 108 2598 235 752 109 365 1671 120
238 78 3352 299 935 103 322 1512 19
239 84 2229 150 1015 97 446 1673 132
240 88 2190 273 862 57 340 1761 22
241 88 3236 191 1053 58 429 1703 131
242 114 2611 153 995 103 428 1578 153
243 106 3031 290 696 104 398 1673 48
244 112 3218 262 992 101 356 1612 52
245 113 3714 230 715 78 371 1642 139
246 110 2392 184 966 107 474 1596 78
247 81 3779 273 1121 71 441 1572 46
248 72 3251 254 697 80 354 1587 23
249 112 3400 292 897 72 363 1482 51
250 75 2488 209 749 99 355 1549 50
251 81 3452 192 820 96 245 1517 63
252 74 2552 227 767 87 480 1491 62
253 103 3417 275 1025 80 364 1313 40
254 109 3660 159 1111 114 447 1502 102
255 99 2179 179 795 70 308 1443 51
256 114 3203 252 955 103 358 1217 24
257 101 2075 238 865 83 280 1309 40
258 93 2085 216 720 80 355 1203 52
259 103 2275 291 723 87 266 1412 111
260 68 3731 223 1143 111 336 1303 63
261 107 2937 175 657 60 411 1263 89
262 68 3083 280 742 107 258 1233 77
263 117 2905 153 589 93 430 1192 38
264 108 3705 196 872 94 303 1256 58
265 91 3275 261 881 98 280 1226 22
266 77 3044 300 1113 92 355 1243 56
267 66 3782 290 747 85 400 1212 92
268 60 3771 175 998 64 245 1183 36
269 90 3488 158 985 100 445 1193 38
270 117 2835 214 722 63 258 1182 101
271 99 2014 163 854 98 436 1172 21
272 114 3671 186 900 112 358 1185 26
273 111 2197 174 598 58 358 1153 72
274 87 3442 242 929 102 404 1178 54
275 105 2458 157 923 106 453 1083 25
276 90 2217 166 1103 81 472 995 89
277 93 3532 210 1011 110 437 987 57
278 95 3135 265 830 107 347 996 50
279 96 3678 219 1032 98 242 982 43
280 67 2818 274 833 65 247 967 93
281 66 2733 296 884 77 269 942 9
282 89 2461 152 912 78 331 963 76
283 74 3433 246 688 101 317 919 34
284 87 3774 163 1137 77 258 927 60
285 83 2701 250 589 111 294 921 67
286 114 2160 201 980 62 391 937 82
287 85 2207 257 691 103 460 913 71
288 103 3126 270 626 86 332 902 48
289 68 2715 208 934 102 469 928 40
290 101 3228 276 741 82 256 931 53
291 104 3810 200 609 65 380 924 44
292 98 2573 291 1032 92 243 918 55
293 97 3521 181 849 93 307 926 80
294 117 2260 242 1000 69 465 933 63
295 82 3297 168 643 104 475 947 64
296 103 2725 274 757 68 248 992 75
297 110 2616 296 923 75 286 1008 99
298 106 2775 274 820 92 345 1012 95
299 80 2537 210 989 91 349 1016 45
300 72 2342 263 1078 86 364 1003 24
301 93 2772 185 975 109 261 1024 47
302 111 2655 284 995 74 454 1041 68
303 64 2702 268 1148 63 387 1053 78
304 70 2176 179 595 76 323 1086 19
305 97 3224 176 1059 113 466 1148 18
306 78 2162 204 643 87 318 1154 110
307 71 3016 226 916 113 367 1172 95
308 72 2274 169 836 94 305 1186 78
309 60 1923 258 784 88 302 1192 63
310 116 2772 217 826 85 424 1293 114
311 102 2856 204 1038 61 284 1374 90
312 106 1963 169 637 60 380 1356 65
313 100 3077 164 854 109 476 1372 69
314 108 2790 212 1061 113 377 1396 19
315 101 2649 186 867 94 374 1458 101
316 99 2288 278 968 88 242 1492 42
317 68 2456 257 742 105 432 1268 90
318 93 3629 292 1109 58 432 1212 54
319 82 3795 176 620 90 412 1192 114
320 71 3003 268 1107 69 442 1248 120
321 61 2199 197 729 104 382 1214 100
322 88 2884 190 838 71 428 1304 75
323 88 2332 299 964 87 411 1429 137
324 98 2116 152 1095 79 349 1467 99
325 96 2676 164 637 96 252 1592 81
326 71 3043 208 796 95 401 1562 53
327 95 3454 238 617 106 358 1459 115
328 115 3788 284 1063 78 472 1195 42
329 81 2970 208 977 63 407 987 97
330 80 3396 261 821 101 259 922 55
331 87 2148 274 761 87 310 993 40
332 109 3423 193 1130 102 244 989 28
333 93 2598 295 1016 70 377 914 11
334 116 2051 208 777 86 302 878 50
335 91 3785 199 659 70 300 930 64
336 77 3337 243 861 84 377 988 14
337 93 2736 212 1148 89 462 867 31
338 63 2581 251 763 85 426 786 17
339 62 3729 202 972 100 310 827 35
340 111 2731 211 654 68 463 839 27
341 106 2651 258 831 58 477 983 29
342 99 3349 227 1122 90 397 1141 110
343 114 2257 266 884 60 249 1182 64
344 91 3386 244 1107 109 317 1035 78
345 81 3381 204 669 58 319 948 88
346 67 3279 198 628 101 370 987 82
347 83 2261 235 994 71 367 1141 66
348 91 3808 186 689 114 378 1186 81
349 71 1954 218 1041 66 278 952 77
350 67 3222 283 844 77 273 961 77
351 61 3715 246 1082 100 309 972 86
352 90 3370 269 852 106 411 1022 56
353 69 2013 245 830 94 240 1158 28
354 91 2784 231 904 115 276 1368 120
355 86 1970 169 699 102 283 161 14
356 99 1916 247 1050 76 271 1708 32
357 75 2857 203 612 92 326 1635 39
358 94 2741 280 716 91 310 1639 90
359 60 3551 240 927 92 319 1704 97
360 97 1948 292 890 61 439 1114 25
361 74 2794 257 1097 111 431 1542 98
362 61 3092 177 938 94 294 1546 148
363 107 2611 300 900 62 431 1848 142
364 99 1915 196 1046 87 314 1977 29
365 77 2399 174 716 79 369 2253 159
366 104 3399 288 691 79 429 1832 169
367 61 2284 198 971 86 264 1614 67
368 93 2308 203 762 84 380 167 11
369 71 3588 171 739 98 414 1983 20
370 81 2777 296 740 84 479 2188 212
371 106 3069 271 822 100 273 2615 185
372 78 2639 284 720 95 271 2936 30
373 61 2228 186 1069 81 282 2392 58
374 78 2413 298 599 94 409 2131 152
375 104 2077 285 789 61 285 2357 152
376 116 3724 201 700 76 288 2861 275
377 95 2632 208 688 93 382 3122 219
378 86 3559 209 1069 60 440 3116 81
379 70 3705 295 1109 113 453 3083 186
380 101 3571 212 714 73 326 4611 194
381 93 3207 269 893 113 340 4674 235
382 117 3141 223 944 63 302 3977 125
383 99 3780 253 725 59 328 3783 148
384 62 3331 189 1126 78 431 4353 105
385 99 3337 195 787 88 310 4801 302
386 116 3481 274 599 101 463 4281 275
387 90 3429 274 634 71 283 4062 369
388 85 3316 178 623 95 432 4093 185
389 81 3324 230 1057 76 454 4789 381
390 88 3437 234 969 68 454 5138 325
391 66 3794 212 847 61 387 4747 100
392 74 3100 156 1068 101 250 4056 192
393 82 3168 174 738 61 251 4117 290
394 97 3231 290 1068 74 279 3892 124
395 86 3034 300 1031 95 419 3148 201
396 69 3132 166 771 104 353 3135 72
397 95 3285 269 915 61 449 3013 234
398 100 3667 221 676 81 302 2786 193
399 114 2641 203 854 75 294 2456 222
400 92 3034 170 791 86 401 2148 45
401 113 3515 253 667 60 270 2704 145
402 82 2326 232 787 105 337 161 6
403 62 2761 263 649 93 418 1815 104
404 81 1998 186 1122 66 378 1704 128
